   1.2000000e+01   5.3400000e+02
   1.5000000e+01   7.2200000e+02
   3.0000000e+01   6.8000000e+02
   3.1000000e+01   1.3500000e+02
   3.9000000e+01   8.4500000e+02
   5.0000000e+01   7.1800000e+02
   5.7000000e+01   2.9500000e+02
   6.3000000e+01   4.4200000e+02
   6.9000000e+01   1.1500000e+02
   7.1000000e+01   5.0300000e+02
   7.5000000e+01   3.3200000e+02
   8.0000000e+01   5.6300000e+02
   8.2000000e+01   2.0000000e+02
   8.8000000e+01   9.3500000e+02
   9.4000000e+01   1.5100000e+02
   9.9000000e+01   4.6000000e+02
   1.0400000e+02   8.5700000e+02
   1.1300000e+02   2.2100000e+02
   1.1300000e+02   8.2300000e+02
   1.1800000e+02   2.4900000e+02
   1.8800000e+02   8.2200000e+02
   1.8800000e+02   9.7400000e+02
   1.9000000e+02   3.6600000e+02
   2.0400000e+02   4.6000000e+01
   2.5200000e+02   7.0000000e+02
   2.6100000e+02   2.4600000e+02
   2.7800000e+02   8.0000000e+02
   3.0400000e+02   4.9800000e+02
   3.1500000e+02   7.2000000e+01
   3.2700000e+02   3.2500000e+02
   3.2900000e+02   6.6900000e+02
   3.4100000e+02   4.3300000e+02
   3.4200000e+02   2.6200000e+02
   3.7700000e+02   5.6600000e+02
   3.7900000e+02   7.0000000e+01
   3.8500000e+02   4.0600000e+02
   3.8700000e+02   3.3200000e+02
   3.9400000e+02   1.8700000e+02
   4.3000000e+02   1.5200000e+02
   4.3200000e+02   5.5300000e+02
   4.3800000e+02   9.2800000e+02
   4.4200000e+02   1.0000000e+01
   4.6500000e+02   7.6200000e+02
   4.6800000e+02   4.8000000e+01
   4.7300000e+02   9.3400000e+02
   4.7400000e+02   2.3300000e+02
   4.8100000e+02   4.4000000e+02
   5.1200000e+02   8.7700000e+02
   5.1500000e+02   1.4500000e+02
   5.2000000e+02   8.4700000e+02
   5.2100000e+02   6.5500000e+02
   5.2600000e+02   1.0700000e+02
   5.4400000e+02   4.2300000e+02
   5.4900000e+02   9.9000000e+02
   5.5200000e+02   3.3700000e+02
   5.7300000e+02   1.3000000e+02
   5.7700000e+02   8.5200000e+02
   5.9400000e+02   7.4000000e+01
   6.0400000e+02   7.6600000e+02
   6.2600000e+02   5.1500000e+02
   6.4000000e+02   6.1500000e+02
   6.4000000e+02   9.0400000e+02
   6.4900000e+02   8.5500000e+02
   6.5500000e+02   7.4900000e+02
   6.7200000e+02   5.8500000e+02
   7.1100000e+02   7.2000000e+01
   7.2300000e+02   2.7300000e+02
   7.3600000e+02   2.2900000e+02
   7.3700000e+02   7.7600000e+02
   7.4700000e+02   6.7100000e+02
   7.5300000e+02   6.3400000e+02
   7.7200000e+02   5.6700000e+02
   7.8500000e+02   7.6400000e+02
   8.0900000e+02   9.5400000e+02
   8.1200000e+02   2.5800000e+02
   8.1800000e+02   4.6200000e+02
   8.1900000e+02   1.0000000e+01
   8.2100000e+02   4.3300000e+02
   8.2600000e+02   3.7400000e+02
   8.3000000e+02   9.1800000e+02
   8.3400000e+02   7.9400000e+02
   8.3700000e+02   2.7300000e+02
   8.4100000e+02   4.0500000e+02
   8.4500000e+02   1.5100000e+02
   8.4500000e+02   5.7900000e+02
   8.4700000e+02   6.9200000e+02
   8.5300000e+02   4.9600000e+02
   8.7000000e+02   2.8800000e+02
   8.8100000e+02   6.9300000e+02
   8.8300000e+02   7.3800000e+02
   8.8800000e+02   8.0000000e+01
   8.9700000e+02   7.7500000e+02
   9.1600000e+02   2.4000000e+01
   9.2200000e+02   7.4900000e+02
   9.4000000e+02   4.3100000e+02
   9.6000000e+02   1.9000000e+01
   9.6200000e+02   2.7700000e+02
   9.8000000e+02   4.0400000e+02
   9.9100000e+02   7.8700000e+02
   9.9300000e+02   8.3900000e+02
